%YAML:1.0
ObjNessB2W8HSV: !!opencv-matrix
   rows: 8
   cols: 8
   dt: f
   data: [ -6.15255907e-04, 2.98084575e-04, 4.67166014e-04,
       7.26836384e-04, 7.45163357e-04, 4.52024338e-04, 2.93764402e-04,
       -5.46510855e-04, -3.81808150e-06, 3.64943320e-04, 2.28200210e-04,
       2.91489589e-04, 1.96505775e-04, 3.04684829e-04, 3.17592348e-04,
       2.66115530e-05, 1.25515056e-04, 2.60449917e-04, -6.24130262e-05,
       2.31097492e-05, -2.38744688e-05, -1.35250830e-05, 2.85769929e-04,
       9.60934121e-05, 1.92694250e-04, 1.80519331e-04, 4.19301941e-05,
       -3.81571954e-06, 1.18397529e-05, 3.06870061e-06, 2.13117310e-04,
       2.01745890e-04, 1.96492110e-04, 2.31308484e-04, -6.36515188e-06,
       -4.74349399e-05, 1.62288525e-05, 7.13177869e-05, 2.53161154e-04,
       1.20044337e-04, 1.04465180e-04, 2.85815593e-04, 6.76624986e-05,
       -9.44832027e-06, -3.33802018e-05, 2.29187463e-05, 2.47966382e-04,
       6.96914503e-05, 2.25275289e-05, 8.49857097e-05, 9.89845375e-06,
       -2.67328342e-05, 6.01400934e-05, 1.19983115e-05, 1.51802567e-04,
       1.53636465e-05, -2.72213656e-04, 1.62134806e-04, -3.91890826e-05,
       1.19206059e-04, 1.86726411e-05, -1.48336912e-05, 7.59150353e-05,
       -2.15723732e-04 ]
