%YAML:1.0
ObjNessB2W8I: !!opencv-matrix
   rows: 28
   cols: 2
   dt: f
   data: [ -7.20063783e-03, -9.99339163e-01, -2.86663994e-02,
       -9.97188985e-01, 6.96942359e-02, -1.00043631e+00, 3.70910913e-02,
       -9.98335600e-01, 1.44105449e-01, -9.95263278e-01, 4.72289205e-01,
       -1.00209689e+00, 1.90080136e-01, -1.00124347e+00, 3.71007383e-01,
       -1.00572085e+00, 9.99292374e-01, -1.00566375e+00, 1.02666461e+00,
       -9.97293472e-01, 6.31853938e-01, -1.00266254e+00, 2.02872619e-01,
       -1.00054467e+00, 2.97712684e-01, -1.00467741e+00, 6.19915947e-02,
       -1.00060821e+00, 8.90391350e-01, -1.00859010e+00, 1.34032094e+00,
       -1.00666630e+00, 1.43136835e+00, -1.00389791e+00, 1.65834939e+00,
       -9.97241437e-01, 2.89326429e+00, -1.00642359e+00, 1.22791484e-01,
       -1.00158501e+00, 5.79817772e-01, -1.00065529e+00, 3.43955064e+00,
       -1.01591754e+00, 4.50117874e+00, -8.42290819e-01, 5.46867895e+00,
       -6.28020704e-01, 3.99440855e-01, -1.00114834e+00, 3.16656375e+00,
       -9.97388244e-01, 1.04335394e+01, -9.17704642e-01, 9.36426067e+00,
       -7.20680177e-01 ]
