%YAML:1.0
ObjNessB2W8MAXBGR: !!opencv-matrix
   rows: 28
   cols: 2
   dt: f
   data: [ -6.07744372e-03, -9.99329984e-01, -1.95268495e-03,
       -9.97921884e-01, 3.55868116e-02, -9.99439061e-01, 3.75413783e-02,
       -9.98505294e-01, 2.24273518e-01, -9.99257445e-01, 4.35225338e-01,
       -1.00307953e+00, 1.95908174e-01, -1.00280416e+00, 2.20527977e-01,
       -1.00289953e+00, 1.07241118e+00, -1.01619315e+00, 1.11276567e+00,
       -1.00872910e+00, 5.86265445e-01, -1.00552154e+00, 2.34058380e-01,
       -1.00339568e+00, 1.55273020e-01, -1.00118184e+00, 4.64892276e-02,
       -1.00037837e+00, 7.46507347e-01, -1.01065528e+00, 1.23781312e+00,
       -1.01463985e+00, 1.04455519e+00, -1.00059247e+00, 1.59300172e+00,
       -1.00755513e+00, 2.78902626e+00, -1.02643585e+00, 1.05453916e-01,
       -1.00203025e+00, 6.59033895e-01, -1.00915539e+00, 3.61832976e+00,
       -1.05463898e+00, 8.65236282e+00, -1.09308696e+00, 8.96453190e+00,
       -8.64605963e-01, 3.64414901e-01, -1.00287104e+00, 2.87253904e+00,
       -1.01137388e+00, 5.51894999e+00, -7.74279237e-01, 1.14811382e+01,
       -9.16196704e-01 ]
