%YAML:1.0
ObjNessB2W8I: !!opencv-matrix
   rows: 8
   cols: 8
   dt: f
   data: [ -3.93661292e-04, 3.27738526e-04, 4.51959757e-04,
       7.68578961e-04, 7.84320640e-04, 5.67701936e-04, 2.78139487e-04,
       -3.46820190e-04, 2.99031617e-05, 1.97762405e-04, 1.97162517e-04,
       1.35566501e-04, 2.01304036e-04, 1.21410696e-04, 2.08048252e-04,
       3.85101339e-05, 1.24370388e-04, 2.23043375e-04, 6.27467161e-05,
       1.09144450e-04, 7.29768581e-05, 4.58041177e-05, 2.13945750e-04,
       1.79415249e-04, 2.68017146e-04, 1.80975549e-04, 4.86257959e-05,
       -1.05545158e-04, -1.82160129e-05, 6.45462424e-05, 1.95481785e-04,
       2.34499108e-04, 4.08309861e-05, 2.35993619e-04, -1.46856919e-05,
       -5.09120982e-05, -8.22294969e-05, -5.82361190e-06, 1.68677449e-04,
       1.18899152e-04, 1.01012549e-04, 2.55030493e-04, 5.44792420e-05,
       -4.19224489e-05, 1.16540650e-05, 2.77838899e-05, 2.26295335e-04,
       1.05325096e-04, 2.93327485e-05, 9.30098831e-05, 8.80806911e-05,
       -3.55750853e-05, -6.52434392e-05, 4.66035526e-05, 7.24787824e-05,
       2.59719764e-05, -1.65878198e-04, 1.15668045e-04, -8.83912253e-06,
       5.04304153e-05, 7.55295623e-05, 5.25675478e-06, 7.70177867e-05,
       -1.18861957e-04 ]
