%YAML:1.0
ObjNessB2W8MAXBGR: !!opencv-matrix
   rows: 8
   cols: 8
   dt: f
   data: [ -4.79244976e-04, 2.83046218e-04, 4.34181537e-04,
       7.89081270e-04, 7.19547796e-04, 4.76759422e-04, 3.02325294e-04,
       -4.28745465e-04, 8.78794708e-06, 2.07758319e-04, 2.01219533e-04,
       2.10214130e-04, 2.44274182e-04, 2.23949071e-04, 2.32657461e-04,
       7.80707051e-05, 8.45878894e-05, 2.61352106e-04, 3.48298563e-05,
       7.60172916e-05, 7.25377977e-05, 5.46905794e-05, 1.66771002e-04,
       1.01964972e-04, 2.60635716e-04, 1.88774909e-04, 1.20640107e-05,
       -4.99110101e-05, -2.64673236e-05, -1.14369241e-05, 2.50204990e-04,
       2.60451372e-04, 8.33138765e-05, 2.80210283e-04, -2.14998308e-05,
       -1.29083171e-04, -1.00626356e-04, -2.02320025e-05, 2.14407337e-04,
       1.05869629e-04, 1.14028458e-04, 1.75822599e-04, 4.18116324e-05,
       -1.99789120e-05, 1.84846995e-05, 7.05970524e-05, 1.79940456e-04,
       7.54921130e-05, 2.86435752e-05, 5.37463748e-05, 1.52410532e-04,
       -8.03133080e-05, -5.43579808e-05, 6.19313869e-05, 7.92088904e-05,
       9.72241323e-05, -2.14923901e-04, 1.31658890e-04, -7.49804385e-05,
       1.10296227e-04, 4.59923540e-05, -7.31035834e-05, 1.42343488e-04,
       -2.66545103e-04 ]
