%YAML:1.0
ObjNessB2W8HSV: !!opencv-matrix
   rows: 28
   cols: 1
   dt: i
   data: [ 0, 1, 2, 6, 7, 8, 9, 12, 13, 14, 15, 16, 17, 18, 19, 20, 21,
       22, 23, 25, 26, 27, 28, 29, 32, 33, 34, 35 ]
