%YAML:1.0
ObjNessB2W8HSV: !!opencv-matrix
   rows: 28
   cols: 2
   dt: f
   data: [ -2.09988020e-02, -9.98764336e-01, -7.63989473e-03,
       -9.97885048e-01, 2.78606843e-02, -9.99526858e-01, 1.07771836e-01,
       -1.00171232e+00, 2.40886375e-01, -1.00196302e+00, 4.34723616e-01,
       -1.00662231e+00, 1.59432098e-01, -1.00216651e+00, 4.61062998e-01,
       -1.01513076e+00, 1.04720080e+00, -1.02054131e+00, 1.04245746e+00,
       -1.01208615e+00, 4.49243516e-01, -1.00265527e+00, 1.70351565e-01,
       -1.00119281e+00, 1.13550693e-01, -1.00028944e+00, 9.26585793e-02,
       -1.00252640e+00, 9.94932532e-01, -1.02478755e+00, 1.52814782e+00,
       -1.03300810e+00, 1.47634029e+00, -1.02443898e+00, 1.57009137e+00,
       -1.01342237e+00, 2.05024076e+00, -1.00158215e+00, 9.27993208e-02,
       -1.00182056e+00, 7.50801802e-01, -1.01676810e+00, 3.43569660e+00,
       -1.06415486e+00, 5.68639183e+00, -9.73852694e-01, 6.40867710e+00,
       -7.72636950e-01, 3.59730959e-01, -1.00406218e+00, 2.16829252e+00,
       -9.84352291e-01, 8.17479324e+00, -9.49788809e-01, 1.02950211e+01,
       -9.12824750e-01 ]
