image_width: 1280
image_height: 1024
camera_name: rgb_A00362910274112A
camera_matrix:
  rows: 3
  cols: 3
  data: [1396.89698653426, 0, 548.919249423723, 0, 1394.13745664672, 647.7478862462, 0, 0, 1]
distortion_model: plumb_bob
distortion_coefficients:
  rows: 1
  cols: 5
  data: [0.146549848278334, -0.0223047371205698, 0.0338858294836378, -0.0287850800601055, 0]
rectification_matrix:
  rows: 3
  cols: 3
  data: [1, 0, 0, 0, 1, 0, 0, 0, 1]
projection_matrix:
  rows: 3
  cols: 4
  data: [1454.31237792969, 0, 528.898351803677, 0, 0, 1448.95788574219, 664.804617713889, 0, 0, 0, 1, 0]